-240
-427.276
8
-660.597
97.9946
47.1313
3000
-1959
0
463
333
0
494
1165
0
1721
1476
0
-649
956
0
-1542
-296
0
-1862
1276
0
-1177
-41
0
-1509
995
0
1940
-1174
0
-565
-1617
0
601
1902
0
-1847
-1708
0
-1621
-583
0
712
1714
0
1891
-554
0
-279
768
0
1536
-131
0
1908
-339
0
293
-969
0
-108
-1304
0
1806
1315
0
326
-331
0
-1337
1138
0
1710
-1754
0
867
-459
0
1638
-1346
0
-1251
-1968
0
-1144
-1279
0
-261
1523
0
-1222
-1687
0
1035
185
0
-158
-1712
0
99
-962
0
-1060
1260
0
643
1440
0
1800
1887
0
728
-1636
0
1347
1003
0
1094
-1613
0
1548
1625
0
-1380
-1922
0
1950
752
0
1838
-1035
0
1375
-72
0
302
-1060
0
-1569
-1380
0
1321
-464
0
-467
-1886
0
82
924
0
-1463
-1168
0
1108
-1362
0
-349
699
0
-72
-26
0
306
1666
0
381
-980
0
-1262
918
0
1068
269
0
-172
771
0
1570
-904
0
-1492
1981
0
-713
-841
0
632
350
0
-1239
1650
0
1571
-1970
0
-1951
1344
0
-850
-1063
0
-281
-37
0
1430
1100
0
184
3
0
1335
1454
0
-1716
1747
0
381
942
0
-1093
-1799
0
-244
-1785
0
584
421
0
-1060
1500
0
-973
-1591
0
-839
-1100
0
-1417
758
0
-345
-594
0
358
1618
0
-1468
-457
0
482
1589
0
-1960
1602
0
-1656
289
0
829
-628
0
1018
-1405
0
-1985
1342
0
1194
1664
0
-1522
-1721
0
-1267
-1947
0
-1
412
0
1932
899
0
1788
123
0
-1533
1728
0
890
-1358
0
478
-197
0
421
307
0
616
808
0
-488
306
0
1615
931
0
-553
-1405
0
-752
-1485
0
1549
793
0
296
223
0
1006
-157
0
-1399
986
0
-1306
1195
0
-1520
1093
0
340
516
0
-413
-693
0
-499
1447
0
-806
-545
0
617
-1425
0
1792
795
0
1278
1585
0
-1207
-1998
0
1151
-1533
0
1617
534
0
-1711
37
0
-1827
186
0
-350
1957
0
190
1811
0
883
1152
0
1509
-1802
0
634
-1734
0
-1950
-1677
0
641
356
0
-1115
871
0
-1574
-138
0
-1863
1839
0
-584
-124
0
1991
320
0
647
19
0
-302
1557
0
-1531
1886
0
-1617
-926
0
710
600
0
510
-1002
0
863
-143
0
685
-602
0
-213
1252
0
-1581
-999
0
583
-1824
0
283
1082
0
1419
-1390
0
1752
-170
0
925
-1832
0
154
-285
0
-815
1972
0
1322
368
0
-1315
-580
0
553
1434
0
-1455
1440
0
-490
138
0
56
-287
0
1753
-1865
0
-1580
-1725
0
-10
-1317
0
-1474
544
0
-567
1862
0
-1054
-1807
0
1190
1297
0
-1589
-1721
0
-1899
-1518
0
-1722
-1548
0
-272
110
0
1699
1309
0
-1334
-215
0
-1740
-1688
0
-1651
1178
0
-1952
-1088
0
806
-168
0
-1060
-1688
0
1750
-1686
0
1554
1641
0
1976
-1519
0
-1857
1191
0
-1783
1128
0
161
-466
0
-1555
1171
0
464
-1959
0
-346
286
0
433
-751
0
-1981
148
0
-497
-1256
0
-1356
-817
0
-1689
-1527
0
-1985
168
0
15
783
0
-97
-46
0
1390
200
0
1625
471
0
-1587
-688
0
-182
-673
0
-132
-1634
0
-1846
1831
0
-1937
1486
0
-1710
1517
0
-1825
-231
0
-1738
-237
0
668
-812
0
-18
1102
0
-1522
-794
0
1626
-1199
0
-1902
520
0
625
-457
0
-76
1021
0
-35
-942
0
178
996
0
1426
-499
0
1587
720
0
-972
-1510
0
-1858
-782
0
1279
-939
0
1899
1183
0
-1642
408
0
967
267
0
-837
-1765
0
826
1707
0
-246
892
0
-1334
1284
0
-1453
-1860
0
-309
695
0
-381
-1988
0
125
570
0
-311
653
0
296
-633
0
461
-1323
0
588
1846
0
-522
-982
0
-1543
-886
0
1147
800
0
83
1053
0
-74
-992
0
-1244
-1838
0
-1690
-426
0
220
-1960
0
753
1163
0
-892
1881
0
-918
-442
0
1487
-430
0
471
625
0
-379
-372
0
1921
-583
0
-1487
901
0
959
-1877
0
-1410
1737
0
-742
193
0
-1483
-736
0
-1742
201
0
-1886
-971
0
-1679
-996
0
764
410
0
-459
-852
0
-485
-217
0
921
181
0
-242
-1061
0
-1154
658
0
-174
893
0
-291
954
0
-426
-1637
0
-996
1475
0
-800
52
0
438
303
0
-1243
1353
0
324
476
0
-893
-892
0
884
1797
0
845
457
0
423
-1010
0
1378
1401
0
539
1104
0
-1303
-1168
0
-1652
71
0
-657
819
0
482
-1449
0
1211
-374
0
-645
-1476
0
-646
-670
0
1266
1864
0
-646
-1107
0
-981
-390
0
110
-1286
0
692
1583
0
-1965
-1583
0
-1877
-1777
0
-1436
558
0
-1070
291
0
-152
-1950
0
-1042
1584
0
-273
653
0
-1032
-548
0
366
527
0
963
607
0
483
-1089
0
1633
65
0
843
-1326
0
-1065
223
0
137
1749
0
510
736
0
-1830
-546
0
-179
1221
0
-134
-374
0
1927
1202
0
1776
1845
0
-606
274
0
696
-1810
0
-1269
-363
0
528
-445
0
-7
174
0
-301
961
0
546
1878
0
-1700
410
0
-1363
1851
0
-1151
-861
0
1460
1605
0
870
-1581
0
-1330
-248
0
439
-1711
0
-1330
38
0
-689
-1125
0
-1933
-1185
0
-1390
-983
0
929
-1895
0
688
-834
0
1826
-1965
0
482
-1322
0
1086
1493
0
589
-16
0
1142
1349
0
1310
647
0
734
39
0
1256
-1665
0
-1243
1190
0
1604
-742
0
-1822
-1504
0
1829
1770
0
-1397
-715
0
-4
-455
0
-451
-445
0
1620
466
0
-466
123
0
1233
1807
0
-833
-1404
0
76
-1790
0
-1319
-1789
0
1987
-182
0
-400
1387
0
1756
670
0
422
-1980
0
-1917
73
0
782
1495
0
-1036
286
0
1842
-1404
0
-1497
-784
0
658
-295
0
363
-992
0
166
1483
0
236
-1839
0
-464
1618
0
-1092
1590
0
703
1811
0
-770
-1250
0
-801
-1026
0
-461
-1697
0
1420
-907
0
1245
-419
0
-355
971
0
-140
908
0
1073
-460
0
-1295
-458
0
674
-231
0
1259
-1483
0
-18
-1718
0
1941
865
0
536
1240
0
-498
-1689
0
1864
-401
0
-1684
-873
0
-1534
1146
0
-919
-1437
0
-244
-106
0
-901
420
0
1527
1598
0
963
12
0
-436
-1972
0
-462
-659
0
88
943
0
-1366
404
0
457
-952
0
-1320
-412
0
1340
-1392
0
-1948
-784
0
-242
-53
0
-1117
143
0
-1310
1948
0
-1160
-575
0
-386
-1252
0
1061
-1465
0
-1222
31
0
-1782
1182
0
1037
-149
0
-377
1222
0
1745
1919
0
1359
-1751
0
-1240
-1057
0
952
1313
0
-1282
-595
0
-980
-1650
0
994
544
0
-506
580
0
-487
-40
0
1337
-1927
0
-91
-1862
0
1189
-57
0
-934
-1579
0
603
167
0
-1577
-1604
0
704
-1379
0
-195
1371
0
86
-1439
0
-1968
733
0
-866
807
0
-7
-1746
0
651
1931
0
831
-1523
0
-645
-990
0
-869
226
0
-163
622
0
11
-1371
0
-1815
1686
0
-350
-339
0
-371
891
0
351
-589
0
-551
5
0
1261
228
0
-547
-1701
0
-1370
297
0
253
-1852
0
1122
-1686
0
-1788
1103
0
-1978
-807
0
-925
-687
0
-1146
-1956
0
-1851
1354
0
1261
1901
0
1676
-364
0
903
899
0
1561
-1518
0
-1058
-718
0
-350
667
0
220
-599
0
922
1831
0
1365
1878
0
-1746
1004
0
614
1966
0
-4
-60
0
-221
498
0
-1611
-1323
0
-693
697
0
-412
-1281
0
-63
1033
0
409
1454
0
233
-1495
0
-41
1959
0
492
-485
0
-737
-1069
0
-1138
-1942
0
697
-32
0
258
1114
0
-1789
-1451
0
1814
326
0
1039
205
0
-719
-1925
0
-46
-1919
0
-1295
-1522
0
-1232
-1622
0
-192
-55
0
540
111
0
-321
-894
0
-108
1068
0
-1212
1972
0
128
-51
0
-1318
107
0
6
-1062
0
1787
-277
0
-642
-1972
0
-822
-1228
0
1199
-930
0
-115
-31
0
-929
1331
0
862
147
0
292
-1840
0
-1180
-326
0
1626
-1357
0
598
1309
0
-1308
-1315
0
73
114
0
-1754
661
0
-472
673
0
1863
-586
0
-1597
-1176
0
815
1515
0
1720
-1341
0
-920
1675
0
1960
-660
0
-315
20
0
1660
718
0
63
-698
0
-1590
-102
0
-134
-880
0
1936
-1263
0
1755
-1584
0
1525
-1195
0
-1735
-684
0
-399
1900
0
-1699
1476
0
-988
-869
0
624
-1892
0
803
-1917
0
1551
-1713
0
-712
-11
0
-855
-946
0
-661
705
0
-1752
1490
0
-291
-870
0
107
-1565
0
1957
-1284
0
-303
994
0
-948
-737
0
1478
234
0
417
1912
0
864
-345
0
-1510
-1521
0
-809
1461
0
627
-1845
0
-1981
-854
0
388
-966
0
1925
645
0
-549
601
0
800
-1903
0
1824
-715
0
597
1277
0
-1206
348
0
-1557
-121
0
-1460
-1692
0
-1426
-1240
0
-435
331
0
393
1411
0
1893
-178
0
-152
810
0
-1776
-1552
0
-1079
-1342
0
-1771
-1486
0
938
-447
0
1144
-844
0
-345
-1330
0
-1208
356
0
1747
-1606
0
1141
-1288
0
940
-817
0
1565
-1364
0
1657
1072
0
-1491
1519
0
-1525
1612
0
-1477
-769
0
-1433
-1095
0
-538
1553
0
-1045
158
0
517
-1454
0
-535
-1670
0
1916
-1657
0
330
920
0
908
1733
0
-1668
333
0
-722
-1610
0
1635
707
0
-1843
1584
0
1945
1131
0
505
-666
0
2
-1667
0
623
-1343
0
-32
-398
0
561
1277
0
1084
-850
0
369
-1355
0
-1808
-126
0
1821
-1611
0
1571
248
0
637
-833
0
815
-1057
0
-1397
-59
0
-1716
-1583
0
-436
1805
0
1584
-1788
0
1443
-385
0
609
1062
0
-836
-1111
0
-1930
-494
0
293
1691
0
-429
1586
0
-842
1165
0
-36
1352
0
25
262
0
1422
-1497
0
420
767
0
-1223
903
0
1547
-1819
0
-615
1492
0
-237
-1126
0
-636
899
0
-1752
-1541
0
-1526
971
0
815
116
0
-459
-428
0
-213
-401
0
188
1588
0
1949
-1661
0
-1246
481
0
-988
1670
0
1434
-575
0
-89
-240
0
-34
-1598
0
-1586
-92
0
-781
1757
0
428
-797
0
-521
-1682
0
-1042
-56
0
800
-1836
0
696
1365
0
-312
-218
0
-1475
549
0
967
1447
0
-980
279
0
216
-676
0
376
-1424
0
942
-1280
0
-22
13
0
773
-782
0
1104
-1826
0
1851
1486
0
-1077
-1677
0
485
1673
0
1966
1641
0
1533
1674
0
663
1061
0
-14
-1812
0
1782
-1176
0
1726
-581
0
1868
695
0
-392
699
0
1025
1406
0
-456
-494
0
1184
231
0
-1769
437
0
-692
496
0
-1152
-878
0
111
1645
0
-1858
1190
0
-546
1866
0
-1319
1459
0
-1738
-291
0
1789
630
0
-534
-1033
0
825
-1105
0
-1565
-824
0
-126
-236
0
-1298
361
0
-619
-1414
0
-1179
237
0
-1979
-1829
0
-1409
-1836
0
327
-1961
0
1303
-1825
0
1056
1925
0
-515
-330
0
-1480
-350
0
258
1212
0
-142
-223
0
-719
742
0
-1392
-1529
0
1127
430
0
-160
-1287
0
1503
864
0
-1141
936
0
-119
-745
0
745
-1393
0
594
-1549
0
661
57
0
-1252
-1198
0
-1727
1485
0
1431
364
0
-1933
1585
0
-614
1832
0
-1642
-673
0
42
-1074
0
-515
-1570
0
1835
765
0
-265
1806
0
1597
1835
0
-113
1975
0
1327
-655
0
1367
1237
0
-211
607
0
-750
1645
0
-572
-467
0
1207
1264
0
1497
1238
0
1643
10
0
835
-1811
0
-1904
1808
0
641
-479
0
1847
-1532
0
-1374
-116
0
1194
1850
0
-12
-309
0
-1082
-224
0
573
-1072
0
-1464
1340
0
-516
-1101
0
520
-1519
0
-463
1491
0
192
-1755
0
-995
-440
0
1831
-160
0
1490
785
0
525
1533
0
801
-1216
0
-611
-793
0
-454
-427
0
973
964
0
-725
-1927
0
-1812
-380
0
-508
-177
0
1269
1786
0
581
-425
0
1157
-1587
0
483
-1841
0
1449
-1079
0
-930
378
0
1002
1961
0
206
476
0
499
1367
0
-1401
193
0
-1929
-281
0
-1392
1015
0
-1246
1054
0
-1113
1156
0
-1321
-287
0
1928
-554
0
741
-1047
0
812
862
0
394
1457
0
-1390
902
0
599
-1869
0
-1321
-804
0
1026
384
0
-1424
1239
0
1517
-998
0
-1332
-1759
0
878
-757
0
1523
1751
0
-1898
-386
0
-909
1295
0
-86
1675
0
176
-424
0
-948
1571
0
-1253
4
0
1724
-1925
0
995
678
0
-1330
1747
0
-1106
1782
0
1562
1093
0
-395
171
0
1241
-78
0
1513
166
0
-946
1189
0
-28
-1080
0
747
-350
0
984
144
0
-1558
1570
0
511
626
0
-91
-127
0
1788
1466
0
907
-1856
0
686
-911
0
-187
943
0
851
-1365
0
46
-1764
0
-1451
-515
0
1219
-1845
0
-1049
1178
0
-1608
173
0
-1907
1065
0
1059
513
0
-741
-1425
0
-927
-1126
0
137
-1390
0
1940
445
0
-1830
-32
0
-514
-1256
0
148
1333
0
-138
209
0
-722
1001
0
1426
-1106
0
-1637
-1485
0
-1119
1803
0
-363
1230
0
187
704
0
478
320
0
537
1344
0
1443
-1798
0
-356
271
0
-247
182
0
415
1660
0
-1516
1455
0
28
-393
0
-1141
-754
0
1775
1341
0
-1500
859
0
426
-925
0
-1548
194
0
101
-1250
0
1818
-708
0
275
15
0
-1551
1944
0
1118
314
0
-867
1374
0
-226
-148
0
-1008
-1929
0
-749
921
0
633
-357
0
-1119
-1849
0
-771
-1254
0
-1327
1922
0
-328
449
0
798
-1045
0
196
-1150
0
357
-285
0
571
1554
0
1240
472
0
-1733
-450
0
-1653
-819
0
-1714
699
0
106
639
0
-539
1171
0
529
-21
0
112
-527
0
-1620
-1755
0
884
-1333
0
-1197
-1636
0
25
1989
0
-682
1160
0
1428
-344
0
1291
-798
0
572
-1056
0
206
1165
0
162
1396
0
-1307
1013
0
1689
1526
0
785
102
0
-20
1967
0
-1029
-388
0
-1986
-1378
0
1684
-834
0
-98
-78
0
-1906
-1889
0
-1616
1196
0
1783
483
0
1195
-1583
0
-1295
267
0
1810
1409
0
84
-1682
0
1580
-669
0
1266
-1615
0
-559
1181
0
504
-1641
0
-177
-1933
0
425
1151
0
264
266
0
-1308
1881
0
-1663
1304
0
-400
-1326
0
-1594
1767
0
-985
1409
0
-1001
-1458
0
-467
31
0
-617
1354
0
-714
1640
0
1181
-910
0
-1420
985
0
759
-1512
0
-1785
-501
0
-522
-560
0
1662
751
0
99
1081
0
1091
-478
0
214
1964
0
-224
-1129
0
-1896
1656
0
1343
588
0
1074
-1924
0
865
-594
0
-290
-1037
0
1251
1210
0
-1924
-1239
0
-964
1524
0
-1070
1774
0
-1342
-1744
0
647
1930
0
95
-1641
0
1872
1719
0
829
-326
0
-1026
451
0
-276
-1930
0
-1198
-444
0
-846
-399
0
-172
1904
0
438
1374
0
-443
880
0
-43
-925
0
-164
795
0
1195
506
0
78
-661
0
-1927
-944
0
1486
1739
0
-1456
-1531
0
-1233
1093
0
-1122
1330
0
1070
1395
0
-1293
950
0
-1339
-1860
0
1583
-1522
0
-836
-1692
0
1392
-1779
0
-991
7
0
132
1453
0
758
-963
0
-1258
-1979
0
-82
-1494
0
-754
12
0
1362
1712
0
-288
-354
0
-713
1335
0
-1244
1169
0
-110
-698
0
635
-26
0
-1807
-902
0
-1215
657
0
-1321
1652
0
-1249
-1973
0
-1979
1984
0
1041
247
0
-1922
1418
0
1811
-1290
0
-1759
1056
0
1228
-1353
0
860
-1232
0
463
1002
0
-958
-406
0
-518
-1680
0
1276
-682
0
539
1678
0
1985
-1420
0
-1296
-736
0
-59
-786
0
-1537
-1822
0
1584
1950
0
-1023
-1227
0
-995
-741
0
-1870
1482
0
1190
-974
0
88
-1068
0
1775
1990
0
787
-1044
0
961
999
0
1101
1805
0
-1439
669
0
1134
-1337
0
-543
-1005
0
1545
-406
0
215
-1164
0
841
1371
0
-1439
-977
0
-743
-1206
0
720
-513
0
1603
1594
0
-1779
1195
0
1687
1767
0
-1642
-706
0
358
1720
0
1565
-583
0
1440
606
0
-1505
-1263
0
1019
1805
0
-856
1010
0
-1947
1393
0
-1264
1276
0
1878
-392
0
-1349
1822
0
-1301
-1761
0
-662
-1856
0
285
1332
0
1149
-1402
0
-1378
220
0
-1927
-281
0
1974
330
0
-274
-1784
0
-1411
-877
0
842
-1014
0
-562
801
0
-1386
-251
0
-1516
1332
0
-42
-1872
0
694
-1799
0
-375
1219
0
-92
731
0
-1532
1913
0
1366
291
0
1855
733
0
-441
1049
0
1600
-1818
0
1074
-1625
0
116
740
0
425
-1322
0
-1224
-1724
0
279
-1338
0
829
-1881
0
-1888
-1266
0
24
-1889
0
-1428
735
0
88
-1449
0
790
-1944
0
-104
-1209
0
1432
136
0
-1421
872
0
-94
-821
0
-1933
-1283
0
784
-1529
0
34
1351
0
-1673
-1714
0
969
1067
0
1591
-1814
0
1784
1483
0
1239
890
0
1053
-941
0
679
-103
0
999
-1830
0
475
-305
0
138
-1540
0
-5
-922
0
1634
-492
0
1615
-14
0
1823
1719
0
1833
-1178
0
-1422
-1607
0
-1024
1889
0
-977
937
0
-1172
240
0
1348
702
0
-1295
-1503
0
-865
685
0
-1656
1888
0
-1369
409
0
1398
811
0
1683
-841
0
-1067
-881
0
1406
1873
0
1380
254
0
1183
699
0
-129
663
0
-1283
-1813
0
561
-1644
0
37
584
0
1810
-1762
0
-535
-1583
0
861
-814
0
540
-940
0
-458
495
0
-390
-903
0
-983
-778
0
1196
41
0
-954
-430
0
-1366
-544
0
-39
-1546
0
-597
1529
0
-45
813
0
1974
554
0
1530
1488
0
-1958
584
0
797
1388
0
911
1449
0
-1684
271
0
-215
-624
0
131
-225
0
-1364
1564
0
296
-50
0
-1925
1585
0
257
-673
0
-1107
488
0
101
-1251
0
-771
720
0
-1735
1607
0
986
331
0
-364
1253
0
1043
352
0
-344
-1521
0
-704
-1325
0
986
0
0
1565
-1579
0
-1109
134
0
4
-1642
0
-1262
189
0
1694
1183
0
-1827
-1959
0
1350
1936
0
-153
1468
0
-1659
-1621
0
1906
961
0
-296
-1944
0
-621
-1932
0
1498
-540
0
-1305
-1905
0
1067
-847
0
1529
1545
0
-1934
1145
0
1730
244
0
842
-954
0
115
-1941
0
357
1548
0
-1234
466
0
-276
746
0
1510
-132
0
395
496
0
1102
1346
0
-327
-1954
0
-960
519
0
1081
-437
0
-172
-152
0
-982
1239
0
-94
-510
0
-350
-1427
0
1474
1610
0
-131
1174
0
-781
612
0
343
792
0
-1829
1628
0
-1147
883
0
-338
898
0
-1745
1416
0
1766
1018
0
-729
-165
0
-1317
-1119
0
1917
1710
0
-108
-305
0
1265
1747
0
-1935
387
0
931
-387
0
-1923
3
0
-877
-975
0
627
586
0
1147
626
0
1168
1860
0
406
-1708
0
-578
-326
0
486
604
0
171
1064
0
-770
458
0
-1362
-1164
0
1627
1031
0
1888
625
0
-1731
-1010
0
-1225
-1805
0
-543
-1712
0
1658
302
0
-1008
1144
0
419
-1112
0
-1287
639
0
-1304
-435
0
-1118
1656
0
654
241
0
-1619
-1357
0
-1243
1597
0
-1164
-795
0
-503
1277
0
-757
54
0
-1581
-1825
0
574
781
0
1271
-1714
0
1993
-1499
0
-1027
138
0
698
-1470
0
461
-1885
0
-1795
1539
0
824
-1547
0
1620
395
0
1760
1092
0
-1068
479
0
607
1563
0
489
-1411
0
1157
1745
0
536
1669
0
-1467
-529
0
-450
-1089
0
-1633
-1244
0
-249
-245
0
1430
-1753
0
-942
-1274
0
401
1034
0
-1244
391
0
541
1267
0
788
-1811
0
-1070
130
0
-901
1690
0
-1796
-309
0
-1338
-1381
0
1497
-1011
0
1245
1879
0
1645
1147
0
924
-1331
0
868
-408
0
-557
-570
0
-1407
-1882
0
-557
-269
0
150
856
0
-1567
-617
0
1962
814
0
1391
-1300
0
-141
946
0
301
-1784
0
680
785
0
662
46
0
-1539
-73
0
804
1810
0
-1914
-574
0
1738
-396
0
597
-1530
0
1194
-1494
0
-843
-415
0
-144
1803
0
-115
1445
0
-1960
1818
0
-638
-29
0
-1974
-917
0
503
59
0
406
839
0
-1433
673
0
-611
-1366
0
-21
-353
0
-896
-1815
0
-1922
-920
0
1385
1243
0
682
-1246
0
1379
-1879
0
-504
-1729
0
855
418
0
1565
1872
0
-1168
878
0
425
645
0
-1116
477
0
881
-1081
0
-740
1253
0
-956
-1227
0
-180
-148
0
520
-1076
0
-1233
-872
0
1245
670
0
-667
-1670
0
-1004
737
0
-692
-27
0
1589
-1649
0
-929
-1928
0
933
-1863
0
-722
-175
0
714
-430
0
-1289
-966
0
-1003
-97
0
1161
-283
0
-1310
1535
0
-1960
944
0
1099
224
0
-1891
-1161
0
-148
-1176
0
645
1394
0
-805
1641
0
269
-1325
0
-143
-1936
0
-230
480
0
1236
891
0
1542
-399
0
1199
1272
0
124
-1871
0
-599
-924
0
378
-1836
0
-1269
1472
0
-65
-867
0
717
1419
0
661
-323
0
-430
723
0
-25
1694
0
1960
-1145
0
1999
444
0
-911
-1316
0
-1990
1134
0
-495
-10
0
-721
944
0
252
-1179
0
1057
-1363
0
-336
675
0
-1881
-150
0
1036
-1111
0
-742
-377
0
914
-1930
0
-75
-1159
0
-1286
-389
0
-1467
954
0
1753
-1300
0
-551
-908
0
-1765
1827
0
-1555
-774
0
1796
-1780
0
322
-1729
0
129
880
0
1035
-1833
0
861
-1379
0
-917
1907
0
875
922
0
1079
-607
0
1019
190
0
1100
-590
0
1762
-234
0
1404
675
0
-219
-1296
0
787
-168
0
889
-1379
0
81
1728
0
-816
-1463
0
-6
81
0
-1990
1618
0
417
592
0
-629
-1752
0
-338
104
0
-1076
-1510
0
62
365
0
-900
438
0
-1403
817
0
315
290
0
981
-1665
0
556
-198
0
-1369
-527
0
808
-216
0
1238
-1933
0
-986
825
0
554
-12
0
1440
-1206
0
-361
998
0
-1683
97
0
-57
1055
0
505
-174
0
-296
1757
0
532
-1319
0
801
379
0
140
838
0
-744
156
0
1613
-1658
0
-424
-813
0
-1887
-940
0
-1410
-67
0
-1590
-1344
0
-246
-994
0
-1596
1957
0
-1753
734
0
-633
118
0
-494
-1995
0
-420
949
0
1096
486
0
-1048
1438
0
-210
-991
0
405
852
0
-945
1092
0
-1530
-604
0
-1332
-460
0
1372
265
0
1645
1272
0
-477
-1468
0
759
-532
0
-1505
-1279
0
-897
1886
0
451
-51
0
-1615
565
0
-484
1468
0
1402
489
0
-497
-1567
0
-1622
259
0
-596
-1400
0
34
-1641
0
-530
1169
0
-1351
-60
0
1512
520
0
-776
-1511
0
765
-117
0
-251
626
0
1469
-267
0
-1339
-1480
0
1282
-1842
0
-451
-1301
0
1085
-741
0
-620
1680
0
-1372
-1958
0
-1690
40
0
-1647
-615
0
-554
1154
0
459
1831
0
1754
913
0
-375
737
0
-738
-230
0
-907
-1692
0
-1684
-950
0
-1999
-1535
0
-1790
-280
0
1838
-1000
0
1460
254
0
940
-210
0
-1377
713
0
1038
1369
0
-692
-1378
0
-887
-666
0
-1385
168
0
786
-1038
0
1150
862
0
690
657
0
1770
-1003
0
-1791
-905
0
1550
-530
0
378
941
0
-127
1789
0
-1639
1383
0
-1730
1432
0
1141
-446
0
-443
501
0
-1057
1883
0
-1697
-1846
0
-570
-878
0
463
-1927
0
-1655
-166
0
-19
-688
0
605
-1712
0
-413
1832
0
1117
460
0
-1013
1454
0
1324
-1509
0
-635
-713
0
-1602
176
0
-1889
317
0
1910
-405
0
-559
-65
0
-138
1027
0
1446
1903
0
-30
-23
0
1501
563
0
815
-117
0
-639
-616
0
-1605
-771
0
-847
-1326
0
1564
-1692
0
-134
1687
0
-832
1477
0
1238
-1244
0
237
1665
0
47
109
0
-1409
1305
0
-1351
-595
0
-1947
1170
0
-1425
735
0
525
-328
0
-1686
-216
0
-626
996
0
-1418
-401
0
-1512
1627
0
-263
-1614
0
604
714
0
913
255
0
-74
606
0
-1888
-526
0
711
299
0
-609
-1151
0
1456
-1175
0
-1413
799
0
-158
851
0
-1734
154
0
-1709
-1949
0
327
-1854
0
-1772
469
0
426
557
0
236
-586
0
683
-1638
0
-1970
679
0
270
-677
0
-1747
855
0
208
-1020
0
157
-1502
0
877
1977
0
-103
1886
0
537
466
0
776
-464
0
790
1265
0
629
-494
0
-1449
317
0
128
-1955
0
131
-1745
0
593
-161
0
-312
-1538
0
946
136
0
1092
-1066
0
-827
512
0
96
-451
0
695
-188
0
1487
-713
0
-1768
1524
0
-1387
-710
0
-295
-1619
0
-373
-192
0
-1221
1737
0
836
-1820
0
-1438
119
0
1387
291
0
959
211
0
-1476
801
0
-809
-1297
0
710
1010
0
909
692
0
1660
197
0
-1012
-242
0
378
940
0
-98
-952
0
-237
618
0
506
1953
0
-1766
-873
0
630
-1767
0
-138
1124
0
1571
1812
0
340
140
0
1097
-1607
0
557
-529
0
1154
933
0
-1574
-170
0
-710
1537
0
1620
-82
0
927
-1978
0
204
-1793
0
1752
874
0
-1750
1293
0
-684
-1220
0
522
441
0
993
553
0
-1335
-732
0
1451
-627
0
628
-363
0
-1068
36
0
1985
-1173
0
245
-461
0
-1242
-1207
0
310
1261
0
-954
724
0
1982
-1542
0
-1451
245
0
-451
-1835
0
-551
1176
0
1300
-710
0
-1907
1327
0
1040
-1677
0
-1925
997
0
1046
1023
0
63
1736
0
1797
1619
0
-160
-1559
0
1380
1691
0
1917
1659
0
-637
-1375
0
328
-912
0
-1153
-1389
0
-1027
565
0
-1334
1678
0
1571
1831
0
1402
1110
0
1287
-277
0
872
-559
0
316
1151
0
1945
-1611
0
-809
-1493
0
903
-593
0
-10
1664
0
775
1202
0
-394
-1178
0
1250
1699
0
-1037
19
0
-1236
1713
0
-1752
1798
0
1679
-529
0
-1863
-165
0
-1167
1281
0
894
966
0
1989
-1371
0
-118
-1652
0
277
28
0
-1748
-97
0
870
-1020
0
1896
-1697
0
633
-144
0
-1537
-480
0
1136
-1659
0
-234
-1774
0
1995
-836
0
1602
-1065
0
7
1878
0
1027
509
0
-1413
-1470
0
158
1229
0
256
-79
0
-95
-810
0
440
187
0
220
-1289
0
478
-777
0
1089
428
0
-779
-1913
0
1582
-1135
0
-1375
0
0
1144
-1322
0
-1415
-1465
0
233
845
0
755
-424
0
-1051
-1331
0
403
-1965
0
299
1808
0
-776
-862
0
-410
-989
0
609
-1203
0
-999
-1639
0
1634
328
0
-1302
-675
0
-1694
-1984
0
307
-1388
0
453
392
0
-1663
-919
0
-1914
1845
0
1037
1515
0
-1092
-1724
0
1450
352
0
841
-1137
0
-1010
1873
0
-1674
1413
0
1454
1889
0
-1531
-1556
0
-763
-1360
0
-355
1520
0
-1794
-1180
0
-75
-1307
0
-603
-1409
0
1992
61
0
182
-1361
0
-927
39
0
121
-1469
0
-1141
995
0
-1094
-1387
0
1686
-713
0
-884
1716
0
-1602
1943
0
-111
637
0
-996
919
0
-1978
1974
0
746
850
0
887
438
0
652
1618
0
-1653
-1967
0
1540
-659
0
-1174
-1943
0
1904
236
0
-433
880
0
-1599
-702
0
51
1726
0
-733
1751
0
19
1987
0
162
-284
0
-160
-911
0
1187
-579
0
907
866
0
-1708
-1564
0
-110
-799
0
1328
-1064
0
1103
-232
0
-239
635
0
-1708
1260
0
718
-761
0
1912
-377
0
-786
-420
0
170
982
0
457
-854
0
-990
-306
0
-1500
-969
0
-152
-463
0
808
-1639
0
-1350
-781
0
-1716
-89
0
-322
1911
0
578
1246
0
1586
1262
0
242
-1866
0
397
-1576
0
1163
-1978
0
-1859
1986
0
380
-736
0
1663
-1107
0
-1128
-986
0
1100
-1516
0
943
1493
0
805
-707
0
-1115
797
0
-10
1297
0
887
-1509
0
-933
-451
0
-229
-688
0
-1832
-1937
0
-789
859
0
-1171
1235
0
1907
-751
0
462
507
0
-857
1083
0
-1758
230
0
1913
104
0
1267
-1635
0
420
1255
0
-1844
-355
0
-1019
234
0
-1884
-281
0
-1094
702
0
187
1154
0
338
-1652
0
922
1117
0
1543
97
0
1834
589
0
-597
-1491
0
-193
648
0
-126
1838
0
-1263
1740
0
1243
575
0
-1052
-300
0
-1492
1781
0
-775
-1378
0
-800
-1651
0
1912
226
0
-1445
100
0
283
1464
0
1696
-1023
0
-594
-1514
0
756
-513
0
768
-1597
0
-872
1083
0
1290
1948
0
1107
-1883
0
-1474
1671
0
-170
273
0
-448
-27
0
668
-917
0
-1356
-249
0
390
1747
0
-1006
-1565
0
-1311
1069
0
-88
715
0
-678
-489
0
-1883
1836
0
1290
935
0
1542
-944
0
-1177
-1101
0
752
-1418
0
-1982
581
0
105
-230
0
-1375
-26
0
941
-1454
0
-720
-758
0
-878
59
0
424
-1282
0
675
-916
0
-1954
-218
0
1226
1405
0
-1318
-51
0
-1235
706
0
1950
416
0
1942
-538
0
-1988
-145
0
-1507
331
0
-811
-324
0
-1958
-1000
0
1885
1383
0
671
-860
0
-627
128
0
-1520
549
0
477
-753
0
997
1748
0
-1711
-1520
0
-791
-1995
0
1303
-1060
0
1793
997
0
-295
-1548
0
-1696
-1765
0
483
-1504
0
785
-394
0
-1396
678
0
-1020
1348
0
-1875
-867
0
-968
-1404
0
1857
1678
0
1855
-1034
0
-290
-37
0
1701
641
0
1726
-1566
0
1682
-1509
0
-1307
-138
0
-1424
-751
0
1688
1639
0
-1916
1009
0
-193
-181
0
832
-337
0
613
-109
0
673
774
0
132
1547
0
1529
-1129
0
286
-382
0
734
71
0
1346
705
0
978
617
0
1786
503
0
-1185
-1946
0
909
-1538
0
-1533
-1921
0
-1846
1115
0
47
1393
0
1820
1746
0
-668
-86
0
-1995
-1070
0
192
1499
0
-771
355
0
598
-1717
0
-102
-1015
0
-558
-916
0
-1408
721
0
-1006
-152
0
-1178
1335
0
-662
425
0
-212
735
0
30
-495
0
766
-948
0
-209
-1502
0
-1860
1609
0
-79
1850
0
-542
-1764
0
200
-1797
0
1489
-1505
0
171
1029
0
1056
-356
0
1615
-993
0
721
1709
0
1890
-96
0
1835
-1875
0
-912
-968
0
1914
285
0
1523
-1339
0
-656
-1272
0
32
-585
0
-108
-51
0
964
842
0
772
1281
0
194
587
0
283
-1682
0
-886
-338
0
4
-273
0
-1998
538
0
-1775
1533
0
1978
-1284
0
463
1381
0
-1260
-1677
0
1930
203
0
698
1522
0
358
-589
0
-1964
-1750
0
1502
1478
0
-239
-1863
0
670
843
0
504
-914
0
1251
-899
0
-1736
-144
0
673
196
0
-1329
152
0
-815
-1012
0
-175
851
0
994
-1085
0
-1717
1967
0
-293
-1768
0
-1761
1460
0
1398
-1763
0
1426
1091
0
899
-1688
0
348
-1415
0
-722
-228
0
-184
878
0
-1707
1809
0
-325
1164
0
1356
-1438
0
37
-1694
0
142
-1443
0
-1827
196
0
636
-149
0
57
647
0
-62
1804
0
-712
-552
0
-1021
-1390
0
-586
-1999
0
279
-1459
0
-30
1672
0
609
705
0
-632
-1365
0
-1665
335
0
-1387
-504
0
28
125
0
-647
-564
0
-1538
892
0
-1503
-1203
0
-1799
1100
0
-762
1029
0
-1940
-1487
0
478
1576
0
-979
-273
0
-229
1306
0
380
139
0
-1190
-1519
0
1316
-412
0
-488
255
0
-1154
-1737
0
1278
-1637
0
1032
1012
0
1184
-246
0
1496
-428
0
-1274
-942
0
1708
1643
0
594
-1485
0
-1465
-1589
0
1374
-948
0
-1435
1887
0
-1862
-693
0
-1038
1052
0
-216
1218
0
218
-1565
0
1435
647
0
798
1828
0
1364
1434
0
-1130
-1340
0
1970
1172
0
-864
-1372
0
1241
-256
0
14
1008
0
969
1248
0
-1154
-1046
0
-482
965
0
1578
-1858
0
-1768
-673
0
1293
1874
0
-979
-795
0
18
-1710
0
1634
-538
0
-1813
466
0
258
1695
0
-1788
16
0
-57
621
0
-940
1498
0
-843
1495
0
1665
-727
0
-1962
-372
0
-218
45
0
145
2
0
-851
1894
0
-1676
-854
0
-821
1645
0
343
403
0
-1660
-975
0
-1037
333
0
-1206
-209
0
1321
-469
0
-1151
1893
0
1210
-228
0
-309
547
0
1287
-208
0
-151
-654
0
-1687
34
0
-646
1760
0
-18
-1273
0
534
49
0
-1925
-1198
0
-64
-422
0
788
-388
0
-825
1062
0
1111
387
0
-577
-902
0
-391
449
0
1978
-1386
0
-808
1032
0
-1250
-1408
0
892
-1725
0
-363
-839
0
-584
-1656
0
-1121
1860
0
-1310
826
0
388
627
0
-1816
-165
0
-1822
-186
0
124
752
0
677
609
0
598
-1750
0
1142
1857
0
151
-1689
0
-1044
1812
0
904
-453
0
1469
-1383
0
1209
-577
0
264
1963
0
1527
-65
0
696
1518
0
1148
1581
0
1254
1153
0
-1537
-241
0
-1492
939
0
1058
-1622
0
-838
-55
0
-463
1291
0
-1960
461
0
1189
-1419
0
268
-1293
0
-1808
-794
0
-1902
1295
0
-1310
-1169
0
1610
1063
0
-1585
644
0
168
353
0
1443
-1087
0
-924
1982
0
315
1591
0
1590
192
0
-494
-1350
0
-1929
-1342
0
119
853
0
1996
997
0
-101
-1881
0
-680
-1972
0
-1020
-1089
0
-85
1948
0
1481
-1264
0
197
1565
0
-1793
843
0
162
-326
0
-1122
-897
0
-797
-742
0
-300
1844
0
-1931
-1981
0
-1881
1601
0
-230
884
0
-1877
-1460
0
1145
-1524
0
1712
-1856
0
-1838
-665
0
-1698
787
0
1499
-895
0
-303
213
0
1952
-1363
0
343
127
0
-1911
-1321
0
-1269
1551
0
-373
-46
0
-1070
250
0
1900
-1726
0
-1515
-1136
0
1747
66
0
-1832
695
0
1412
82
0
-1770
-524
0
1971
253
0
-1491
-1064
0
-1347
987
0
1434
-1026
0
1444
-759
0
-1388
-1934
0
-375
-1945
0
1213
-1226
0
-1015
-1170
0
-1330
-437
0
-703
-1498
0
922
714
0
-1108
1440
0
943
-1601
0
222
-1316
0
-207
1572
0
-1159
679
0
-458
-763
0
-1515
-1540
0
1716
-1668
0
-1351
1162
0
-1877
1252
0
-534
-1143
0
507
-351
0
1318
-802
0
-1858
-729
0
1499
-1306
0
682
1020
0
263
306
0
-1752
-528
0
-1694
844
0
1191
-513
0
1518
95
0
-1822
-1208
0
1886
844
0
783
238
0
-1816
459
0
-1664
254
0
-1145
-1131
0
13
-1830
0
827
-1565
0
-321
-1916
0
10
-27
0
512
294
0
-1961
1276
0
1205
1993
0
-861
-232
0
1670
-1083
0
-615
1017
0
29
-562
0
-270
-1619
0
-1632
1480
0
-1930
775
0
-1214
-1621
0
1778
-1478
0
341
-1026
0
-1919
1710
0
928
1731
0
876
186
0
-1908
-1357
0
85
749
0
-1479
-742
0
-23
635
0
1687
1915
0
-768
786
0
1059
1274
0
-1803
1489
0
380
-994
0
974
1546
0
-1882
1197
0
1244
701
0
-1443
1532
0
572
257
0
370
-85
0
1647
1355
0
1078
1297
0
1386
1955
0
503
-416
0
-139
28
0
-325
-1867
0
492
-229
0
-216
373
0
1249
-1733
0
-1302
-915
0
-1038
-487
0
1537
1490
0
1566
452
0
183
-1565
0
1194
-1377
0
360
-915
0
1658
904
0
-1665
-640
0
814
-851
0
8
1748
0
1338
-1296
0
-1478
623
0
-758
1174
0
1079
-1689
0
-1169
-1491
0
-1581
142
0
-10
-31
0
-166
-1698
0
-1439
1757
0
1469
1676
0
-35
1142
0
1047
703
0
507
-1289
0
-1572
1059
0
1683
660
0
1769
-460
0
-1745
627
0
1567
514
0
964
-18
0
166
-1839
0
194
-1345
0
1850
-559
0
-1067
-1726
0
1402
-580
0
311
1522
0
-1637
1322
0
-931
1456
0
173
-68
0
1095
-419
0
1410
1456
0
152
120
0
-1410
-505
0
-794
406
0
1364
1854
0
1300
491
0
-1173
-1783
0
-1149
-125
0
512
125
0
1792
1578
0
-540
1364
0
1441
-897
0
-733
-1919
0
-1908
-1485
0
-1406
-286
0
-452
487
0
750
-1745
0
1584
-1047
0
-646
884
0
1808
-136
0
-320
-1989
0
-1741
308
0
435
-972
0
-1900
466
0
864
-1544
0
730
1577
0
68
1393
0
836
1267
0
-687
1021
0
504
581
0
-279
-1031
0
55
92
0
-1828
-963
0
183
652
0
-709
-284
0
-1021
230
0
-504
232
0
-1706
1587
0
-525
-596
0
1502
-1306
0
853
-184
0
555
1558
0
-1886
-973
0
1651
-293
0
1332
1087
0
-822
461
0
1318
1357
0
-931
1987
0
-908
-1018
0
-641
1258
0
1710
740
0
-1616
423
0
249
-840
0
1460
-209
0
228
614
0
880
-1283
0
-1876
1944
0
-1281
-923
0
-1917
1766
0
1581
-193
0
-1877
822
0
1152
-486
0
1220
33
0
1307
-550
0
-1859
-851
0
127
1360
0
-1249
-1796
0
1471
289
0
-1414
-480
0
1975
-308
0
-1911
-1816
0
-635
1418
0
294
-303
0
-1162
-1482
0
533
-1396
0
1825
636
0
-1816
1410
0
-173
1166
0
-381
896
0
509
413
0
1644
-565
0
1664
376
0
1669
-146
0
1951
-156
0
1131
-86
0
983
-1390
0
1287
382
0
-1933
-1672
0
1915
1054
0
-350
55
0
-386
-1482
0
-1874
1436
0
-16
-1129
0
1048
1391
0
22
-1420
0
200
771
0
-585
658
0
549
755
0
-1248
1415
0
839
1554
0
1439
823
0
1992
-1585
0
-1879
1730
0
1406
1913
0
1790
-132
0
-1943
1168
0
-928
-16
0
-1507
1615
0
-795
1389
0
1024
714
0
285
1981
0
927
-930
0
970
191
0
-1992
-1749
0
-1078
869
0
1134
809
0
-200
-915
0
1911
-1714
0
-751
-28
0
1298
-1681
0
897
1596
0
368
647
0
-1274
-268
0
-1565
-1729
0
-775
-1541
0
-1873
967
0
-1658
-1551
0
-499
307
0
-488
329
0
1431
-1310
0
-824
-1339
0
1139
-345
0
959
-98
0
575
-531
0
-1360
1592
0
967
-1372
0
-1810
810
0
1532
1832
0
-771
1716
0
1527
-1050
0
-1846
-258
0
-1386
1291
0
1720
-883
0
-1480
-1598
0
-1019
1445
0
567
-314
0
582
531
0
-1341
100
0
-1128
-1652
0
942
-1000
0
616
849
0
1622
-393
0
1836
-1278
0
1142
-1870
0
-413
144
0
1327
1850
0
1798
1734
0
-1095
1377
0
-1224
-905
0
81
-1308
0
530
-692
0
93
160
0
1045
400
0
1287
-435
0
-48
-1380
0
134
-777
0
1574
-1537
0
-227
1434
0
452
143
0
-563
-1261
0
-1879
1209
0
-1303
-390
0
1173
-1191
0
63
-1778
0
-535
1473
0
1589
-1526
0
1005
532
0
1330
1103
0
1581
725
0
1635
1158
0
-936
515
0
-1603
-969
0
-496
-107
0
-565
1973
0
633
-1757
0
-1942
-1837
0
-1256
1356
0
-1237
1047
0
512
-1537
0
556
-1865
0
1056
-403
0
-812
181
0
-774
1603
0
-1000
-705
0
1761
-1577
0
1340
-605
0
-1435
-776
0
-340
146
0
1993
1617
0
-834
779
0
666
1590
0
1572
218
0
-276
254
0
-1845
1420
0
1262
1308
0
-1266
-1548
0
-832
-445
0
-430
-1791
0
-772
889
0
-289
64
0
-1251
-1047
0
1544
764
0
-251
780
0
-1785
-1441
0
-65
88
0
271
815
0
1573
830
0
-614
1265
0
1884
-173
0
807
-1361
0
1320
315
0
-126
1619
0
-983
-589
0
-1551
-113
0
-21
357
0
994
329
0
825
-51
0
-548
-1603
0
363
334
0
42
1090
0
-1415
1263
0
112
1012
0
-694
1250
0
-1887
-1024
0
1156
-500
0
-1847
-1415
0
561
1576
0
-1147
-1933
0
1132
1011
0
-956
-809
0
-60
-148
0
-1258
-1487
0
-1941
343
0
-1746
-1641
0
885
436
0
718
-895
0
-733
1554
0
-1958
1431
0
-204
-1988
0
-1269
1091
0
792
1916
0
176
1025
0
-690
1059
0
-245
-1418
0
394
-865
0
-1645
-1935
0
1268
337
0
-224
-126
0
399
-1712
0
-318
403
0
-1750
1715
0
1030
1284
0
-1579
-1326
0
-46
-1899
0
-1056
364
0
379
1620
0
-847
737
0
-1160
934
0
1591
-908
0
1026
-1508
0
-239
1867
0
-72
1105
0
89
-1624
0
-444
-267
0
-417
-83
0
-1508
-1273
0
1847
-564
0
-1396
849
0
-1720
34
0
764
-779
0
-412
-1537
0
-1920
1400
0
1156
1603
0
-1066
1459
0
-1085
362
0
1755
1681
0
-979
-1776
0
1294
-651
0
-531
1170
0
-1810
-317
0
-14
1618
0
946
-1818
0
-1727
469
0
-487
338
0
191
-1457
0
-346
1157
0
55
-207
0
1786
-662
0
-1169
-1107
0
-771
-1328
0
1732
-566
0
-44
573
0
1079
1010
0
-717
-748
0
-1278
278
0
426
1666
0
533
1281
0
1365
548
0
-652
-925
0
193
-1169
0
1573
-1870
0
-1651
-1276
0
1611
-768
0
564
1370
0
-477
-273
0
1042
-1663
0
-1537
-7
0
1527
909
0
-1369
-1002
0
-247
-767
0
-1419
-380
0
1938
1130
0
1746
1532
0
-703
-431
0
-1902
360
0
-758
723
0
-1799
423
0
-1923
1388
0
-1270
19
0
891
-1262
0
169
1481
0
-1290
-1615
0
-1255
1322
0
1769
1734
0
251
-1533
0
65
-1161
0
28
1753
0
763
1114
0
980
-542
0
-1645
-1878
0
7
-695
0
666
-288
0
1925
-414
0
1092
-1421
0
-133
990
0
-594
-3
0
60
-1732
0
-1921
1678
0
-93
-1899
0
-134
-1358
0
1821
-1568
0
-638
1590
0
-1018
834
0
1862
1206
0
1942
1445
0
1655
-948
0
-230
-749
0
1108
-1951
0
664
244
0
-1333
-858
0
1925
1141
0
-127
-232
0
1042
-573
0
-465
762
0
-1989
-147
0
1929
1300
0
61
-1353
0
1815
-831
0
575
137
0
-1921
21
0
-1105
-425
0
1333
1373
0
1298
1420
0
1861
-1468
0
695
521
0
625
846
0
-219
787
0
1737
-299
0
73
-1933
0
489
1877
0
816
1975
0
1189
-843
0
-1197
-1155
0
1371
-566
0
-849
817
0
425
-236
0
1216
952
0
-1447
265
0
954
-613
0
1619
-1973
0
1128
39
0
-473
-1611
0
-1512
-359
0
-1953
-484
0
-1814
-1478
0
-1385
1148
0
-1950
985
0
282
-264
0
433
-704
0
-512
-73
0
-1731
386
0
-972
-1571
0
1592
-865
0
1022
-159
0
1076
612
0
-1040
-1290
0
1904
-81
0
-758
161
0
114
1776
0
782
1000
0
490
1863
0
612
190
0
-860
1761
0
768
1587
0
932
1213
0
-594
-120
0
-536
715
0
-1052
-682
0
-172
226
0
-1571
-581
0
-305
150
0
146
1787
0
-960
1261
0
-1619
-1282
0
137
381
0
74
209
0
-799
-1344
0
-1799
1748
0
244
-943
0
-1429
-1912
0
-1368
822
0
1388
-1305
0
-799
1556
0
1123
-1719
0
-959
23
0
530
208
0
817
-1065
0
1042
-1472
0
-332
1902
0
-1902
1066
0
771
1006
0
429
789
0
-1385
1734
0
889
-986
0
452
748
0
-220
-71
0
-818
-149
0
1958
-59
0
-79
535
0
656
480
0
-58
1344
0
580
-616
0
1661
-217
0
1198
-1723
0
1473
-1301
0
-187
859
0
1444
-161
0
1270
-1826
0
-1659
-861
0
-1556
-370
0
-1650
1548
0
-115
823
0
1823
-751
0
189
1638
0
-1962
1362
0
-226
-380
0
75
-1016
0
101
775
0
-1623
344
0
47
-1835
0
490
-1789
0
-1274
-281
0
-1966
-92
0
-1335
348
0
1859
420
0
1661
1126
0
-540
326
0
-1741
-1924
0
-612
-1020
0
-586
-1268
0
140
662
0
-371
-518
0
1819
1999
0
-840
1894
0
135
150
0
-1575
-129
0
-1647
-1231
0
-1695
1159
0
-361
-1882
0
-190
-1880
0
-36
620
0
1596
1001
0
-1488
-1206
0
1205
-737
0
1548
-1773
0
-1529
-1660
0
1828
381
0
1255
389
0
1145
-1339
0
-1917
-1297
0
752
1371
0
295
-98
0
7
-551
0
-1721
-102
0
-194
-1986
0
340
574
0
285
-479
0
610
162
0
976
-218
0
1382
-1214
0
-1957
1675
0
264
1267
0
877
-1379
0
-1670
-1543
0
-1901
-494
0
-1014
1818
0
1544
1015
0
-1942
1797
0
752
-698
0
923
-1933
0
1299
1219
0
-1746
1136
0
46
1648
0
-193
446
0
-1511
756
0
-1624
-1165
0
212
263
0
1675
-275
0
-482
-1192
0
-1303
630
0
-1678
-199
0
-1278
296
0
276
1969
0
-1515
-841
0
-40
-1882
0
1533
1764
0
851
-6
0
1719
-496
0
-1938
258
0
-1165
1379
0
-1051
-1976
0
-339
432
0
223
153
0
-1865
-1342
0
232
-1960
0
-1158
-1602
0
1047
-441
0
-1786
128
0
-828
240
0
-1494
-1856
0
-642
1949
0
-331
1454
0
-347
-279
0
-1221
686
0
464
-1888
0
849
173
0
423
-1469
0
-374
385
0
-159
1003
0
-1904
-623
0
-1083
1980
0
-865
-955
0
1581
-472
0
365
-528
0
-814
952
0
-1822
-1024
0
-14
821
0
-1603
1094
0
-1410
-1101
0
-351
517
0
496
-531
0
-1980
-68
0
-1048
822
0
-968
50
0
1662
732
0
-1723
-839
0
-1038
-316
0
-1132
-81
0
823
-526
0
141
-304
0
-553
829
0
-2000
905
0
1240
-978
0
1607
-1473
0
1279
387
0
-817
1862
0
1956
565
0
-1408
1247
0
1312
-1922
0
1558
-1904
0
357
1235
0
1177
-540
0
-547
571
0
1220
-1082
0
-250
865
0
-745
-704
0
-663
-767
0
835
-1987
0
-654
59
0
-1591
-1193
0
-212
-599
0
880
1651
0
-246
-106
0
-734
1839
0
-307
-917
0
-470
-1504
0
953
1148
0
-1682
-1350
0
687
-62
0
-1991
11
0
929
945
0
1203
1495
0
413
645
0
-1812
169
0
1848
1695
0
1221
1637
0
-1355
1797
0
-1599
-1873
0
877
-827
0
809
-1364
0
-702
-1505
0
1157
-1466
0
547
-155
0
732
1558
0
934
1439
0
-777
-1808
0
523
178
0
1742
927
0
-1796
1146
0
1254
-689
0
-601
-807
0
-1279
-1316
0
348
1789
0
536
562
0
1143
-1627
0
252
736
0
-1256
96
0
810
44
0
1071
-1042
0
-1252
-1863
0
-1839
328
0
1969
47
0
-1234
-1955
0
-825
1154
0
-1025
-1308
0
-418
-74
0
-1269
-1723
0
-145
-1250
0
-912
1951
0
-1767
1053
0
1966
-1793
0
-350
-1835
0
143
-1499
0
1507
-1834
0
-1188
101
0
-1798
594
0
-1212
-742
0
-962
-1571
0
1491
-269
0
69
-1334
0
-1597
363
0
895
-951
0
165
1208
0
108
122
0
-208
1975
0
-153
1009
0
830
886
0
1321
-1361
0
1297
489
0
-333
-170
0
611
-1619
0
1955
1500
0
1487
480
0
829
1021
0
-642
-1048
0
-1506
-355
0
1180
1594
0
1552
-974
0
98
-56
0
-1529
-1783
0
-921
190
0
1616
1626
0
-1664
597
0
1366
1282
0
1985
434
0
-406
-1965
0
1179
1650
0
-1354
1394
0
-1657
125
0
-1062
-708
0
-134
649
0
585
-803
0
-1831
-301
0
-682
-1251
0
521
-1777
0
-279
-339
0
-1217
1769
0
1180
650
0
880
1031
0
913
1186
0
1679
1070
0
-244
-151
0
-1455
-747
0
426
228
0
-581
1161
0
1812
-456
0
-655
-742
0
-1543
-159
0
1453
-408
0
1365
-59
0
-501
-1756
0
-1585
-752
0
1952
1757
0
1586
-587
0
-1272
-1388
0
-1892
-668
0
-1415
-989
0
-737
-632
0
331
519
0
-1257
-360
0
1508
-525
0
815
-896
0
-280
1196
0
-1227
-700
0
1080
1586
0
1985
-1410
0
-1792
1223
0
-144
700
0
845
322
0
-718
761
0
702
-732
0
-631
-849
0
1843
-772
0
-1369
757
0
-1770
271
0
-208
-1803
0
337
-485
0
1480
1370
0
-1011
-862
0
1980
-1289
0
1079
72
0
-1607
-1722
0
383
1113
0
650
-1810
0
178
-490
0
-1399
-116
0
-503
-1578
0
890
1763
0
-675
-188
0
1500
-31
0
1533
-406
0
1070
-603
0
850
1886
0
460
-954
0
1505
1738
0
-738
1658
0
-352
78
0
-307
1614
0
866
-912
0
1666
538
0
1120
-555
0
520
-1759
0
-1638
-1283
0
-869
-1067
0
-1402
1492
0
-811
547
0
1120
-1969
0
-1941
423
0
-1281
-451
0
-185
-130
0
-308
-93
0
357
-871
0
1724
515
0
1147
1271
0
1819
-659
0
-722
-227
0
333
1172
0
940
124
0
-1861
1817
0
339
1640
0
1965
-926
0
-1854
-457
0
-51
-1096
0
1547
1110
0
556
1071
0
-994
-1597
0
-429
538
0
17
569
0
1451
-1631
0
1904
-1523
0
-1007
-1959
0
1925
-1427
0
652
-190
0
-1118
50
-1632
0
-1974
599
0
-219
1788
0
-584
-1992
0
-1018
-1644
0
-1432
-7
0
-1421
-1983
0
-297
1650
0
-1860
-722
0
-1525
20
0
1266
-1174
0
1433
-454
0
-1486
-993
0
1737
860
0
-735
-415
0
-1112
362
0
-462
1603
0
-227
-1796
0
989
-1310
0
1404
1618
0
-1810
657
0
-878
-1904
0
-1249
840
0
436
87
0
-513
637
0
1613
-519
0
145
1958
0
1484
-729
0
936
-536
0
-531
1445
0
1786
-655
0
1824
947
0
1497
1281
0
243
1752
0
1279
-1890
0
348
827
0
1668
940
0
-1691
1232
0
880
-764
0
1767
-1419
0
-321
208
0
-18
791
0
-758
-88
0
-1368
928
0
-1753
-521
0
-796
1223
0
1954
1597
0
-63
43
0
1714
1407
0
374
617
0
1470
50
1981
0
1885
-321
0
716
-1747
0
699
436
0
604
-1727
0
-82
650
0
-966
1031
0
-301
-687
0
-110
-636
0
1602
1219
0
-29
1513
0
792
-1441
0
-459
-1748
0
1678
-474
0
829
1775
0
-1303
156
0
1686
1920
0
863
-664
0
-720
193
0
-1823
1965
0
1068
711
0
-1953
-1270
0
1753
1171
0
473
-846
0
-1277
880
0
1848
1765
0
1235
-1706
0
1673
-399
0
1067
-1845
0
-808
-1407
0
125
-516
0
1059
-778
0
1554
1717
0
-934
-1923
0
-1293
-340
0
222
1572
0
1681
1474
0
-1192
-664
0
1440
1526
0
565
-1324
0
-1640
-529
0
-720
-1736
0
88
-1857
0
-1397
-771
0
-412
-926
0
-1402
600
0
1528
-1532
0
1177
1410
0
964
-391
0
1012
63
0
993
4.86709
6
2.01775
0
0
0
0
0
6
-365.552
0
-542.577
-17
1
0
0
0
1
-0.463442
-0
-0.886127
1
0
0
3.87255
481.148
0
50.5516
1000
0
0
1
0
0
1
0
0
1
0
0
0
136.743
0
304.14
1000
0
0
1
0
0
-1
0
0
-1
0
0
4.54318
23.4317
0
-1351.57
1000
0
0
0
0
0
-1
0
0
-1
0
0
0
141.763
0
-1031.24
1000
0
0
1
0
0
-0.707107
0
-0.707107
-1
0
-1
12.3468
96.8469
0
58.8469
1000
0
0
1
0
0
-0.707107
0
-0.707107
-1
0
-1
2.01775
